3
0 1 3
4 2 5
7 8 6

1 2 3
4 5 6
7 8 0

--------------

3
1 3 4
8 0 5
7 2 6

1 2 3
8 0 4
7 6 5

--------------
3
3 6 4
0 1 2
8 7 5

1 2 3
8 0 4
7 6 5

--------------
3
8 3 5
4 1 6
2 7 0

1 2 3
8 0 4
7 6 5

--------------
3
8 0 6
5 4 7
2 3 1

0 1 2
3 4 5
6 7 8

--------------
4
13 2 10 3
1 12 8 4
5 0 9 6
15 14 11 7

1 2 3 4
5 6 7 8
9 10 11 12
13 14 15 0

--------------
4
6 13 7 10
8 9 11 0
15 2 12 5
14 3 1 4

1 2 3 4
5 6 7 8
9 10 11 12
13 14 15 0

--------------
4
2  7 11  5
13  0  9  4
14  1  8  6
10  3 12 15

1 2 3 4
5 6 7 8
9 10 11 12
13 14 15 0

